0 2013 10  6  9 20 53.00   -1.7673   -0.6619    9.5500  2.66      6 494990 2.0000 
0     0   CI_NJQ   -1.0351   -0.3383    219.0000 P   14.786 
0     1  CI_GATR   -0.8854   -0.5611    590.0000 P   16.734 
0     2   NC_PTQ   -0.8306   -0.5975    448.0000 P   17.468 
0     3   CI_FIG   -0.9440   -0.1066    945.0000 P   18.178 
0     4   CI_LCP   -0.8184   -0.3112    199.0000 P   18.483 
0     5   CI_WGR   -1.4228    0.2975    554.0000 P   19.004 
1 1997  1 10 16  5 12.11   -1.7780   -0.6512    5.3600  2.88       5 261963 2.0000 
1     0   CI_SSC   -1.7250   -0.2158    413.0000 P    8.908 
1     1   CI_SLC   -1.2574   -0.0258   1164.0000 P   15.505 
1     2   CI_SLP   -0.9276   -0.4863    113.0000 P   16.435 
1     3   CI_SCD   -1.5184    0.1769    183.0000 P   16.452 
1     4   CI_SXT   -1.5975    0.2555    488.0000 P   17.579 